234,256
5,235
236,257
4,237
1,238
15,239
240,258
2,241
242,259
3,243
7,244
8,245
9,258
1,4
1,26
17,257
2,9
2,6
3,10
3,260
5,256
18,260
6,259
4,261
5,262
7,11
7,263
6,23
8,19
8,264
9,14
10,11
12,262
10,265
11,32
12,17
13,263
12,27
22,261
13,20
13,266
14,267
14,23
16,264
15,268
15,269
26,268
18,265
16,270
17,21
19,20
16,25
18,35
19,25
46,270
21,22
20,29
21,31
22,30
24,269
24,267
23,37
24,271
28,266
25,272
26,30
27,273
27,31
45,273
28,33
28,29
29,36
30,44
49,271
36,272
31,34
32,33
32,41
33,274
34,47
34,275
54,275
35,38
35,40
37,38
36,43
37,276
38,255
39,276
39,51
39,56
40,42
41,42
40,255
41,59
42,52
43,277
44,278
44,48
43,55
45,246
46,277
45,279
46,280
47,279
59,274
47,281
53,278
48,49
49,50
48,61
54,281
50,51
50,282
51,60
52,283
52,284
69,283
53,64
56,255
55,57
54,58
53,285
68,255
55,75
68,284
56,286
61,285
57,280
57,78
58,64
63,282
58,70
59,66
62,286
60,62
60,67
61,65
63,287
62,74
63,67
64,71
65,288
66,289
66,76
65,290
79,288
67,291
68,73
69,289
69,73
85,292
70,292
71,290
70,92
71,293
72,294
83,294
72,287
72,79
73,84
74,81
74,77
75,76
75,80
76,88
77,291
77,295
78,80
78,82
83,295
247,296
82,296
79,97
81,297
81,84
80,298
82,299
102,297
89,293
83,87
84,300
90,299
91,300
85,248
85,86
86,301
86,302
87,303
87,117
104,301
94,302
88,93
88,304
89,305
89,105
96,298
99,305
90,98
90,109
91,102
91,93
92,94
92,95
101,303
93,110
94,306
95,106
95,99
96,100
96,307
100,304
97,308
97,101
98,307
98,113
99,103
100,110
104,306
103,122
103,309
101,112
102,116
105,308
104,107
118,309
105,310
106,108
106,124
107,111
107,108
108,311
109,312
109,313
110,121
114,312
127,313
117,314
111,249
112,315
111,131
112,115
113,114
113,316
114,127
120,315
115,310
119,314
123,316
116,125
116,128
115,129
117,125
118,317
119,120
118,318
119,319
120,137
121,128
130,317
121,135
122,126
122,318
123,320
123,133
134,320
124,144
124,321
126,321
131,311
125,132
136,319
126,146
127,133
128,148
129,322
129,137
130,138
130,140
131,323
132,141
132,151
134,135
133,324
138,325
134,150
135,142
153,325
136,141
136,145
137,139
139,145
138,326
140,322
139,171
140,327
147,327
142,328
142,149
141,329
143,323
143,144
143,155
144,152
147,326
156,329
146,152
146,330
145,164
148,154
148,162
147,331
149,150
149,165
162,328
150,332
151,154
158,324
151,333
153,330
156,333
152,167
153,160
154,174
157,331
155,161
155,166
156,163
157,159
157,334
173,334
158,332
158,170
159,160
159,173
161,250
160,179
163,164
161,178
162,168
163,335
164,172
175,335
165,336
165,337
169,336
166,167
168,169
166,338
167,339
168,177
169,180
178,338
170,184
170,185
171,183
171,172
172,340
173,176
174,175
174,177
176,341
175,342
176,343
177,191
179,339
178,192
179,182
181,337
182,343
180,181
180,193
181,184
182,344
183,341
183,187
186,340
192,251
184,189
207,344
185,345
185,190
186,346
186,347
188,346
203,345
187,197
187,348
188,348
189,199
189,349
190,349
188,198
190,195
194,342
191,350
191,351
193,350
192,352
194,351
193,196
198,347
194,204
195,203
196,204
196,201
195,199
197,206
197,202
198,200
199,201
200,353
200,209
205,352
201,208
202,353
202,211
203,354
204,210
218,354
205,252
205,355
206,207
206,356
207,357
208,219
208,217
209,210
209,214
210,213
212,357
211,356
211,215
212,358
224,358
212,220
213,359
213,360
214,221
215,221
214,360
215,222
216,359
216,217
216,361
217,362
218,363
218,219
219,363
220,222
220,224
221,364
222,223
223,229
223,227
233,361
225,355
224,226
225,253
226,228
226,230
227,364
225,232
227,365
231,366
232,366
228,231
228,367
229,230
229,365
230,367
231,368
232,368
233,254
233,362
